1
2
3
4
11
107
123
203
305
401
403
405
503
504
508
605
701
706
812
901
905
908
1001
1002
1004
1008
1015
1022
1110
1112
1118
1120
1122
11234
1125
1203
1205
1206
1208
1212
1230
1231
1306
1313
1352
1356
1357
1505
1593
1601
1602
1604
1627
1702
1703
1804
1830
1861
1901
1903
1908
1909
1911
1919
1965
1973
1975
1978
1980
1982
1984
1988
1990
1995
2005
2008
2015
2101
2111
2115
2244
2305
2401
2408
2411
2507
2508
2511
2513
2525
2611
2706
2708
2804
2809
2887
2906
2909
3005
3035
3107
3275
3465
3474
4020
4045
4197
4444
4533
4686
4700
6327
6789
7283
7305
7455
7890
8006
8905
9359
9876
